b1_photo: 1.0997727037892875
b2_photo: 1.220245876862528
b3_photo: 1.2723993083933989
b4_photo: 1.316624471897739
b5_photo: 1.35812370570578
b6_photo: 1.3998214171814918
b7_photo: 1.4446452851824907
b8_photo: 1.4964959071110084
b9_photo: 1.5652475842498528
b10_photo: 1.7429859437184225
b1_spectro_bin1: 1.46
b1_spectro_bin2: 1.61
b1_spectro_bin3: 1.75
b1_spectro_bin4: 1.9
