# This is a default input file used by the Cobaya interface.
# Users should never edit this file.
aia: 1.72
b10_photo: 1.7429859437184225
b1_photo: 1.0997727037892875
b1_spectro: 1.46
b2_photo: 1.220245876862528
b2_spectro: 1.61
b3_photo: 1.2723993083933989
b3_spectro: 1.75
b4_photo: 1.316624471897739
b4_spectro: 1.9
b5_photo: 1.35812370570578
b6_photo: 1.3998214171814918
b7_photo: 1.4446452851824907
b8_photo: 1.4964959071110084
b9_photo: 1.5652475842498528
multiplicative_bias_1: 0.
multiplicative_bias_2: 0.
multiplicative_bias_3: 0.
multiplicative_bias_4: 0.
multiplicative_bias_5: 0.
multiplicative_bias_6: 0.
multiplicative_bias_7: 0.
multiplicative_bias_8: 0.
multiplicative_bias_9: 0.
multiplicative_bias_10: 0.
bia: 0.0
nia: -0.41
dz_1_GCphot: 0.
dz_1_WL: 0.
dz_2_GCphot: 0.
dz_2_WL: 0.
dz_3_GCphot: 0.
dz_3_WL: 0.
dz_4_GCphot: 0.
dz_4_WL: 0.
dz_5_GCphot: 0.
dz_5_WL: 0.
dz_6_GCphot: 0.
dz_6_WL: 0.
dz_7_GCphot: 0.
dz_7_WL: 0.
dz_8_GCphot: 0.
dz_8_WL: 0.
dz_9_GCphot: 0.
dz_9_WL: 0.
dz_10_GCphot: 0.
dz_10_WL: 0.
gamma_MG: 0.55
