NL_flag: 2
aia: 1.72
b10_photo: 1.7429859437184225
b1_photo: 1.0997727037892875
b1_spectro: 1.46
b2_photo: 1.220245876862528
b2_spectro: 1.61
b3_photo: 1.2723993083933989
b3_spectro: 1.75
b4_photo: 1.316624471897739
b4_spectro: 1.9
b5_photo: 1.35812370570578
b6_photo: 1.3998214171814918
b7_photo: 1.4446452851824907
b8_photo: 1.4964959071110084
b9_photo: 1.5652475842498528
bia: 0.0
nia: -0.41
nnu: 3.046
